,country,Air_transport_registered_carrier_departures_worldwide,Risk_of_impoverishing_expenditure_for_surgical_care,High_technology_exports,Government_expenditure_on_education_total,Gross_capital_formation,Exports_of_goods_services,pop_65_above
0,Afghanistan,10454.0,48.066206896551726,3.9370362585869327,3.1997900009155282,31.070439201444703,29.532540406394357,2.5849269398802392
1,Albania,2935.0,23.44551724137931,0.044701906328398294,3.3607963150945195,24.101025494893296,31.591574136620586,13.744735910973592
2,Algeria,77463.0,5.199999999999999,0.395051887797838,5.866350173950197,47.27871681913529,25.78683082098349,6.362496544979858
3,Andorra,4021.0,32.10344827586205,28.46079138997592,3.2467200756073,19.053743086472867,26.261207965236466,4.011366059753555
4,Angola,13978.0,36.5,5.780095724150971,2.044699907302858,21.3859144317682,40.8362898865574,2.2163736477632905
5,Antigua and Barbuda,23206.966273393005,34.29999999999998,0.613426844678628,2.6440799236297603,36.98719564865317,64.54867406849893,8.79982551980558
6,Argentina,161862.0,3.5999999999999983,5.402984040531837,4.945519924163819,16.04690305868831,14.619831249253307,11.117788876077402
7,Armenia,814.0,5.5,7.055598424196454,2.25587010383606,22.399739326770103,39.39289402860731,11.253817657013093
8,Aruba,2276.0,34.29999999999998,8.31428769777162,3.562550067901611,21.575245781144602,73.79939714420385,13.550947139685395
9,Australia,665384.0,0.0,18.3247962772353,5.107890129089358,24.528660146276014,21.82190461764832,15.656475227559099
10,Austria,130260.0,0.0,11.655288001836704,5.225359916687011,25.543371712236503,55.690950654201984,19.001566459589906
11,Azerbaijan,19960.0,7.400000000000004,4.345525453637191,2.455430030822749,20.129476102482105,54.09229386205858,6.195182750714932
12,Bahrain,57094.0,34.29999999999998,0.44902982476465203,3.562550067901611,35.00622292040739,79.56720683405224,2.4263338783239394
13,Bangladesh,53061.0,48.700000000000024,6.942215896657652,4.388500197180389,31.234924044846817,14.800958178109,5.158390639620678
14,Barbados,2244.0,34.29999999999998,0.17185565323939586,5.4288601875305185,14.292925390740205,41.2875985451686,15.8026939621338
15,Belarus,31676.0,0.2000000000000001,4.052910582286042,5.381110191345212,28.078878545320205,70.4550452625374,14.845148174309811
16,Belgium,140674.0,0.0,8.013862659698482,6.37663984298706,25.486364123126204,82.99557247527586,18.788743738339505
17,Belize,125681.69086534703,22.399999999999988,0.06654602060634612,7.472270011901857,17.0792496524341,56.35609376176465,4.736458776571441
18,Benin,4021.0,47.299999999999976,2.8420013045296697,2.9339699745178214,26.392320716575906,27.296088785682397,3.25360529746338
19,Bermuda,2256.255172413793,34.29999999999998,17.055934520754594,3.562550067901611,13.412816608988903,51.269813431807975,3.0070093064943584
20,Bhutan,5187.0,10.300000000000006,3.09522953902713,6.850840091705321,47.58821218863612,30.817706014886884,6.00301171280561
21,Bolivia,56592.0,27.600000000000016,6.798427838248307,3.9749481349155817,20.596352559712283,25.988795058863502,7.191947392184467
22,Bosnia and Herzegovina,843.2551724137932,1.2999999999999998,5.255468492320421,2.25587010383606,21.60449815971901,42.51851830146189,16.470317471062106
23,Botswana,6774.0,16.60000000000001,0.6551008230544599,6.721330165863038,29.4326211073103,40.33770678319902,4.223874346293012
24,Brazil,832683.0,13.300000000000008,13.442942290439403,6.088510036468507,15.095041633228105,14.63499949529859,8.922837832440027
25,British Virgin Islands,2244.0,29.568965517241363,0.6594670988045216,2.6941299438476576,23.760915903343676,41.276475149762746,5.170239236591091
26,Bulgaria,11435.0,3.799999999999998,10.375407605388494,4.816243354205427,21.256983121357997,65.81872506244503,21.021914434267998
27,Burkina Faso,3988.0,58.70000000000003,5.937123391692912,5.430560111999511,22.726429630320116,28.12932376265079,2.4069808286635497
28,Burundi,2244.0,98.40000000000005,17.042764419537097,5.078649997711181,11.1034382771399,9.401038141208259,2.246940460337171
29,Cabo Verde,9385.0,13.0,9.640989631517356e-05,5.368850231170653,39.40545856546871,49.23106403243629,4.609327156668211
30,Cambodia,14387.0,38.738620689655164,1.4092788765032906,2.1628599166870113,23.44825617579431,61.59572751175075,4.568680017565757
31,Cameroon,5550.0,44.400000000000006,1.9474183775633915,3.13120007514954,22.795455389299388,19.31368818586031,2.7288773552405696
32,Canada,1250460.0,0.0,15.690489131560806,3.562550067901611,23.200314812689996,32.345345576845915,17.2320066788651
33,Cayman Islands,2758.7172413793105,29.399999999999984,0.6768817932889903,3.562550067901611,24.074727424468396,42.2774929620645,5.247497448380261
34,Chad,4021.0,58.90000000000003,1.8596929089835517,2.2594799995422417,20.8675303023216,36.190682448585214,2.480518944349009
35,Channel Islands,2244.0,34.29999999999998,0.17185565323939586,3.562550067901611,14.974193311851494,13.247976405313695,17.29746215520329
36,Chile,134661.0,3.4000000000000012,6.891835411143888,5.433169841766358,22.1872442825932,28.5071835463458,11.5298016568816
37,China,4692008.0,7.400000000000004,31.469580926089716,3.5424900054931605,43.79347459852601,19.112103536413887,10.9208835350654
38,Colombia,358874.0,12.399999999999997,7.254302214418735,4.449100017547608,21.195475561125807,15.899719677543091,8.478047019869585
39,Comoros,466.0,34.29999999999998,0.17185565323939586,7.285359859466552,14.974193311851494,13.247976405313695,3.0070093064943584
40,Costa Rica,40014.0,7.199999999999997,18.46687014038969,6.779069900512697,17.679899387674492,33.64547866056308,9.549847672969838
41,Croatia,27189.0,0.10000000000000005,8.837440802360215,4.662799835205079,23.445864478601003,50.20114905822698,20.445433012423
42,Cuba,8830.0,34.29999999999998,0.17185565323939586,3.562550067901611,12.033983008495797,14.4977511244378,15.186211417152096
43,Cyprus,5456.0,0.10000000000000005,19.8738367331061,3.562550067901611,18.511942271950197,75.22979043739198,13.719061773448292
44,Denmark,4021.0,0.0,12.373707973225104,3.562550067901611,22.599289834526882,56.55980449107391,19.812952636990193
45,Djibouti,2198.6206896551726,34.29999999999998,0.17185565323939586,3.6277399063110387,5.627350890220878,149.17849290504597,4.527579378114821
46,Dominica,4021.0,30.075862068965503,0.6072230153511151,5.571549892425538,22.819481339969517,29.554620606223494,4.938464601223584
47,Dominican Republic,27505.28965517241,6.0,6.997050164526711,3.928489923477172,25.795670918465923,23.551431305200293,7.082817476497211
48,Ecuador,53033.0,14.300000000000008,5.289314900908326,4.6214599609375,26.747764879956513,22.6046839884209,7.1572897266610775
49,El Salvador,27601.0,7.599999999999996,6.127901675827219,3.60575008392334,18.371536671553816,28.934373781025588,8.28709000480629
50,Equatorial Guinea,7930.0,34.29999999999998,0.17185565323939586,3.562550067901611,12.501496565344,59.61453442778839,2.457877346778971
51,Eritrea,1018.0,33.659310344827574,1.3592232547390204,5.062948226928711,23.35153069490389,40.39042569370577,3.499456854597101
52,Estonia,1583.0,2.7999999999999985,7575.37052828833,5.23887014389038,26.913394528616784,74.46919699511298,19.62635684697489
53,Eswatini,2224.0,34.29999999999998,0.9241270655787385,5.679160118103028,13.249200305110396,40.442007832984395,4.0145879408350575
54,Ethiopia,110971.0,51.480000000000025,13.6451497439934,5.068679809570312,34.728817187781914,8.37267586646371,3.501132997609859
55,Fiji,24134.0,38.35034482758619,3.80949062194118,4.835710048675538,19.210169433333892,47.912906880332294,5.449680412639518
56,Finland,125804.0,0.0,9.017583109048362,6.269299983978271,25.25742285880721,38.46779858481681,21.72078754552218
57,France,597412.0,0.0,25.96983302447131,5.413169860839843,23.857257587464307,31.713667210255494,20.03462474698812
58,French Polynesia,3225.0,34.29999999999998,5.821902287630167,5.688600063323972,36.831869089933576,55.294748843135935,8.290508104682026
59,Gabon,2244.0,6.900000000000004,0.17185565323939586,2.93345999717712,22.0146836831138,51.106123492452774,3.563907468355921
60,Georgia,7108.0,36.04758620689654,3.3349388625620824,3.5210599899291997,28.12302407655712,50.55852769319768,14.865491431052492
61,Germany,922648.6434901955,0.0,15.771462050209205,4.992740154266358,21.904651618535198,47.30104576793567,21.461961995330896
62,Ghana,11635.0,18.800000000000004,8.3022122822353,4.004129886627198,24.64113456324879,35.3941824883303,3.0688980069339595
63,Gibraltar,4021.0,34.29999999999998,0.17185565323939586,3.562550067901611,14.974193311851494,13.247976405313695,3.0070093064943584
64,Greece,144040.0,0.2000000000000001,12.949778384738504,3.5939500331878698,13.337199301579592,38.95610711675388,21.655272077843502
65,Greenland,3714.6206896551726,29.399999999999984,1.7092527678265699,10.5601902008057,23.845084017478108,40.83021100374683,5.247497448380261
66,Grenada,4021.0,41.299999999999976,3.09522953902713,3.552550077438351,37.26343668377921,53.20902049767391,9.621906795628687
67,Guatemala,3205.0,19.0,5.310930765198578,3.1370499134063716,13.796832637795095,18.198969988160112,4.812072508287852
68,Guinea,4021.0,51.40000000000002,0.6768817932889903,2.3843200206756596,19.547314818353914,40.2070955329069,2.926022448479349
69,Guinea-Bissau,2244.0,63.09999999999997,0.6768817932889903,2.137870073318481,17.2579004926792,25.27609497431289,2.82371633615269
70,Guyana,1931.0,34.29999999999998,0.21550690806178197,4.45058012008667,14.974193311851494,13.247976405313695,6.45027124309697
71,Haiti,2244.0,74.09999999999995,0.6768817932889903,1.6821000576019292,14.025177537454796,11.076706511709101,4.949403848432527
72,Honduras,14832.0,34.70000000000002,1.9626441772827494,6.056469917297362,26.57208628281399,41.45481656132469,4.690617659078118
73,Hungary,183541.0,0.6999999999999996,16.834714649051406,4.627309799194339,26.615605644549195,83.8860412509213,19.1577253832321
74,Iceland,54653.3025910987,0.10000000000000005,23.473365020818807,7.574059963226319,22.272283011630986,46.638661965739104,14.79509255656889
75,India,1200111.362999999,27.20000000000001,9.081063796041859,4.76003608703613,32.06995171726223,19.941240676411393,6.179955649471489
76,Indonesia,959307.3810000008,12.699999999999994,8.222591579058987,3.0,34.57058583197068,21.0027464972455,5.857165612728633
77,Iraq,48355.0,12.600000000000003,7.104327587394047,5.091519569528515,18.836057302425317,43.70431275013673,3.323599662795048
78,Ireland,935913.0,0.0,24.825536286818302,3.3830900192260707,28.55183548189231,122.990378775336,13.8658017012923
79,Isle of Man,2244.0,34.29999999999998,0.7019925893039398,5.975529424075433,18.033121141377904,22.75909178408373,3.0070093064943584
80,Israel,53901.0,0.0,22.5416588070608,6.164899826049803,22.095103056507117,30.25600529075322,11.976986024962509
81,Italy,251621.0,0.10000000000000005,7.497143688400827,4.255720138549802,18.528483755529507,31.350462322626612,22.751679602507696
82,Jamaica,1215.2720000000002,10.1,11.304025560633896,5.4138097763061515,23.31151889923841,38.56384828519011,8.79664255070196
83,Japan,999594.0,0.0,17.309834770759707,4.005263805389402,25.556141287071906,18.329450964203602,27.576369910354998
84,Jordan,36127.0,8.5,1.5085847603099298,2.98481011390686,17.496845874150207,35.15474807918168,3.8464903979983385
85,Kazakhstan,66693.0,0.3,23.478489681230105,2.6159501075744616,25.25821270959899,37.62521842528733,7.391846271030318
86,Kenya,134354.48462213392,39.200000000000024,3.613323213407241,5.306250095367431,17.945290133527195,13.1741395622945,2.3391866119155598
87,Kuwait,46450.0,10.0,4.117507650059909,6.389170169830321,25.307660440118298,57.495494876988445,2.550472384001979
88,Latvia,54356.0,10.199999999999994,20.575578383365713,4.24517011642456,23.7632108856404,61.41620330335672,20.04362032068092
89,Lebanon,25740.0,1.0,2.35476095134527,2.5244700908660893,20.79216357451629,20.72220081180171,7.002368134392944
90,Lesotho,2244.0,38.1,0.17185565323939586,7.285359859466552,22.984254748858586,50.947089589845,4.90108749682213
91,Liberia,28823.110344827586,15.800000000000008,0.6768817932889903,2.5841200351715092,12.92892156862751,26.011029411764717,3.253431799680142
92,Libya,12340.0,7.547586206896548,7.744732026356094,4.021564404717807,18.280908337804107,56.949076820650525,4.39204025898401
93,Liechtenstein,418.6551724137931,34.29999999999998,0.17185565323939586,2.783966508404963,14.974193311851494,13.247976405313695,3.0070093064943584
94,Lithuania,2375.0,2.7999999999999985,12.102709477802003,3.8949599266052215,20.275902947015805,75.245341014079,19.70503315646079
95,Luxembourg,51824.0,0.10000000000000005,6.9732239843547275,3.6662600040435795,17.562172745771807,211.55904870960697,14.183154184147208
96,Madagascar,10170.0,81.59999999999995,0.395051887797838,2.874520063400269,19.955206025423603,29.179669199106,2.986717125791619
97,Malawi,2327.0,68.09999999999997,2.9147013900987893,3.3819398880004887,10.836359514840463,8.605803589104553,2.64543493031032
98,Malaysia,474940.0,3.9000000000000017,53.273888749922676,4.479599952697751,23.90829510888212,68.56958314420518,6.671754625478856
99,Maldives,26678.0,34.29999999999998,0.17185565323939586,3.912489891052249,51.79252924947407,70.12943357140718,3.7033446061245416
100,Mali,2244.0,53.90000000000002,0.6768817932889903,3.8825299739837615,20.458302603114202,24.52237440169669,2.507229757556829
101,Malta,20903.0,0.10000000000000005,33.15521865946322,3.562550067901611,21.732425028757305,142.47644617676593,20.34932429971219
102,Marshall Islands,2244.0,83.19999999999999,2.9684778351422607,3.44697999954224,23.35153069490389,40.39042569370577,2.5950078826985297
103,Mauritania,4910.0,30.899999999999984,0.17185565323939586,3.562550067901611,44.841704192452674,39.2692206216867,3.1411121580500914
104,Mauritius,14940.0,1.899999999999999,2.5979587979778516,4.834589958190919,19.4048489785062,40.96343733896301,11.474173068652194
105,Mexico,583408.0,5.0,20.908181546320296,4.254429817199708,22.730012954633295,39.259461244128495,7.2236849808719805
106,Moldova,13590.0,1.899999999999999,2.5315740077707,5.439730167388917,25.61476943832201,30.138705057951377,11.4695563413512
107,Monaco,3.0,34.1310344827586,0.18927034772386464,2.6941299438476576,15.288004832976211,14.248994217615445,3.0842675182835277
108,Mongolia,7777.0,34.29999999999998,4.993823629778819,6.173019886016847,39.58663221449181,58.47234961874057,4.0835387872624525
109,Montenegro,6887.0,34.29999999999998,3.1538488767025212,3.562550067901611,31.914844339564986,42.8749910735941,14.974936644743893
110,Morocco,80154.0,13.800000000000008,4.027461799970198,5.298479154192165,33.401385522114886,38.7774783641854,7.012904821112196
111,Mozambique,10479.0,66.0,5.6484330949223525,5.452189922332763,50.0478226960713,44.8700028830136,2.8907644574499
112,Myanmar,64397.96448968582,31.25862068965516,13.366391935219179,1.9228899478912407,30.641979084695517,30.389750715507116,5.78464193257209
113,Namibia,14543.0,22.200000000000003,0.21964227146666393,8.98805046081543,14.917825607192597,35.76883674763052,3.636031680745138
114,Nepal,97598.0,64.20000000000003,8.12248151487925,4.434450149536132,39.54780033513499,7.815641021711941,5.727670775691981
115,Netherlands,330963.29600000003,0.0,22.533302597688593,5.35764980316162,20.957587142936507,84.68346367574651,19.196192633338693
116,New Caledonia,4021.0,29.399999999999984,0.6768817932889903,3.562550067901611,24.074727424468396,42.2774929620645,9.174157925376711
117,New Zealand,187851.0,29.399999999999984,9.8470638127749,6.048500061035157,24.33905731919241,27.592502632685715,15.652424527174103
118,Nicaragua,19506.200000000004,29.399999999999984,0.6768817932889903,3.562550067901611,24.074727424468396,42.2774929620645,5.247497448380261
119,Niger,2244.0,83.19999999999999,2.9684778351422607,3.44697999954224,28.93861160529422,11.2887562380926,2.5950078826985297
120,Nigeria,75594.726523888,23.0,1.928170245435489,5.481857753622121,19.813774795115098,15.496889180499593,2.747377005327431
121,North Macedonia,2935.0,6.706896551724141,4.04907984534283,2.93345999717712,32.3287721673854,60.37513882085272,13.670181381564802
122,Norway,35096.662068965525,0.0,21.266941012319606,7.6441102027893075,28.057626832493874,37.9716930695855,17.049222156321097
123,Oman,76672.0,7.199999999999997,1.2580404810643906,5.20723009109497,24.350238726374084,52.0852013149535,2.3927869562579596
124,Pakistan,48542.0,35.29999999999998,2.1698942816984985,3.3535551613774808,17.342493718710898,8.971966445173727,4.31277431133756
125,Panama,111583.0,10.0,4.117507650059909,2.8829300403594984,41.428622033843496,42.6920156541909,8.104731079667571
126,Papua New Guinea,41173.0,22.899999999999988,0.6768817932889903,1.8748300075531004,15.388685619571698,29.60086964355499,3.4452692514561685
127,Paraguay,10160.0,14.899999999999993,9.735859904648654,3.2832000255584712,22.782084795333695,36.945230359083695,6.430215009460814
128,Peru,141025.36299999992,8.300000000000004,4.681209312097537,3.71429991722107,21.363227498038317,25.194733115155707,8.088392791830758
129,Philippines,292450.0,19.399999999999988,61.34579396786962,3.133100032806398,27.150582041864105,30.213605373348397,5.12256876829946
130,Poland,123903.0,0.0,10.621256941882505,4.61579990386963,20.765429130991194,55.241462040814426,17.51781676254519
131,Portugal,182753.0,0.2000000000000001,5.283888297046759,4.67515993118286,18.290471635125087,43.44571902648758,21.953857537587293
132,Qatar,197811.0,1.6000000000000008,1.79884310168881,4.662799835205079,40.659100265329265,55.94186317328421,1.3700703387374993
133,Romania,55637.0,0.5,10.077414247978199,3.3447499275207515,22.77695792445012,41.8616969020051,18.338701393829595
134,Rwanda,19133.0,61.20000000000003,2.57156536665452,3.0737500190734903,21.17549464265111,21.1005975147837,2.9381960775388003
135,Samoa,6848.0,14.300000000000008,3.09522953902713,4.53214979171753,26.800369153824015,34.181263229042514,4.800411973751974
136,San Marino,3175.393103448277,34.29999999999998,0.17185565323939586,3.5551600456237797,20.60918670141349,166.5974976689831,3.0070093064943584
137,Sao Tome and Principe,466.0,34.29999999999998,45.96726967478669,5.23510980606079,14.974193311851494,13.247976405313695,2.925678109066099
138,Saudi Arabia,267295.0,34.29999999999998,0.5438605694522581,3.562550067901611,24.076938375016415,40.03914062366086,3.314088022949808
139,Senegal,5817.0,29.0,2.80905981625088,4.858220100402831,32.64794094122388,22.949091478330807,3.0868237010183313
140,Serbia,28160.0,2.200000000000001,2.35476095134527,3.5823199748992915,22.654881924106906,50.434561297704704,18.345792691696303
141,Seychelles,18671.0,3.2000000000000015,5.243567539001618,4.498839855194091,34.64344991504209,84.10338114472779,7.594545604350342
142,Sierra Leone,3604.324137931035,60.90000000000003,0.735508192183752,6.9896302223205575,17.43511575622779,17.4672993262746,2.9665562113161186
143,Singapore,208787.0,29.399999999999984,51.756699673316696,2.6450901031494096,24.986911482578503,177.06134536353,11.463380193379102
144,Slovenia,18444.0,0.0,6.825121199409189,4.936039924621581,21.23794504953081,84.8152032316064,19.606879654178794
145,Solomon Islands,14365.0,29.399999999999984,1.3592232547390204,4.53214979171753,12.226481392748799,43.45951126018212,3.5989504592889423
146,Somalia,995.0,29.399999999999984,0.6768817932889903,3.562550067901611,24.074727424468396,23.71374578430572,2.8733109429455608
147,South Africa,234156.0,27.5,5.287441294814849,6.158989906311037,17.940400488397486,29.907082604707178,5.318005005423021
148,South Sudan,4021.0,41.299999999999976,0.735508192183752,5.5583600997924805,37.26343668377921,14.375478474286197,3.3984828798515183
149,Spain,641097.0,0.10000000000000005,6.776586705252212,4.178160190582278,20.477968583654903,35.16258760582719,19.378507522499493
150,Sri Lanka,34425.0,16.0,1.5450017754402936,2.1353900432586688,29.851519663085476,23.038522643798284,10.4732197537841
151,Sudan,3178.0,41.700000000000024,2.9147013900987893,3.3819398880004887,9.97431080712983,7.638684252394315,3.5811605282514414
152,Suriname,3225.0,34.29999999999998,5.821902287630167,5.688600063323972,36.831869089933576,55.294748843135935,6.90636990225525
153,Sweden,117449.46896551726,0.0,14.375040150866012,7.64084005355835,26.008397147985196,45.68306151267129,20.09552492780018
154,Switzerland,219782.0,0.0,13.327095606616407,4.860939979553222,24.813018204093613,66.15565526605563,18.623216564771713
155,Tajikistan,4021.0,41.299999999999976,0.9534212727712604,5.5583600997924805,37.26343668377921,14.375478474286197,3.0218875520762696
156,Tanzania,90017.0,75.90000000000005,6.891609052849505,3.696439981460571,38.37657448364961,14.739143393171103,2.60129917835952
157,Thailand,475886.4959999998,5.0,23.722692953465515,3.0567700862884517,25.171948544493908,64.85646848666399,11.9008931395893
158,Timor-Leste,2746.462068965517,53.20000000000003,0.9929640059584075,6.830910205841063,34.3318771027458,2.9241970084010096,4.316492294006029
159,Togo,11559.0,71.70000000000002,0.2664954285630279,4.04394006729126,18.109912625077598,23.94347525735701,2.8694680110882205
160,Trinidad and Tobago,33475.0,34.29999999999998,0.17185565323939586,3.2862401008605997,14.974193311851494,13.247976405313695,10.7349535163324
161,Tunisia,41446.0,1.1000000000000005,6.79704851653804,3.792085511108924,21.491238402986298,48.49248322004838,8.315679078988772
162,Turkey,772925.5450000005,1.899999999999999,2.8160139158921513,4.294600009918212,29.2825965112612,31.2048629463635,8.483212939971596
163,Uganda,3777.0,70.90000000000003,3.5301515913591004,2.130520105361939,24.925952793229694,15.093785621590497,1.9409869204631691
164,Ukraine,66712.0,1.7000000000000006,5.5789337789282625,5.319479942321778,18.5868040069696,45.1993149461495,16.434686439201595
165,Uruguay,82979.87586206899,1.6000000000000008,7.621977974125008,4.662799835205079,14.9532227294269,26.3964363013547,14.81451953085929
166,Uzbekistan,21514.0,29.100000000000016,0.46491897387634706,5.900000095367431,37.64250943997091,28.042252707190606,4.4191378781364
167,Vanuatu,11723.0,14.300000000000008,3.09522953902713,4.53214979171753,26.800369153824015,56.61053279217238,3.6401530681973497
168,Vietnam,283787.0,24.899999999999988,40.751240766737034,4.167449951171878,26.533055038925905,105.83180509576097,7.2749782978793
169,Zambia,1241.0,44.66206896551724,2.002261683359409,4.7397398948669425,38.64086490415187,37.9573531025711,2.099678025932661
170,Zimbabwe,3444.0,32.997931034482754,2.065818144875999,3.5872800350189205,5.71104569364214,11.608990995277203,2.9395236530011304
